MainFont = 20;
FONTNAME = Arial;
debugMode = -1;
Thickness = 3;
WindowStyle = -2146959360;
SizeOfScreen.x = 1565.000000;
SizeOfScreen.y = 662.000000;
